2.500840417544003547e-03
2.502172472997678341e-03
2.502599401296392266e-03
2.505063292021861635e-03
2.505068753165026925e-03
2.505110842017698684e-03
2.505165770130111762e-03
2.506767139016998023e-03
2.508164264080486438e-03
2.508315278132138091e-03
2.509474882657838565e-03
2.509691480742820644e-03
2.516266905056154229e-03
2.517059086737907098e-03
2.517992747463788060e-03
2.518232275401809887e-03
2.519735503120080263e-03
2.519975036550023677e-03
2.521215681656239528e-03
2.521775930252505207e-03
2.521907219949531560e-03
2.522767128791855197e-03
2.522870720884510913e-03
2.526156361725869198e-03
2.526513331105507791e-03
2.527394323904791958e-03
2.527835315069560263e-03
2.528803639886838001e-03
2.530068073799292532e-03
2.530126551693132747e-03
2.532849783543117319e-03
2.533237301437842384e-03
2.533279644987224046e-03
2.539464771975366835e-03
2.540260861044026791e-03
2.540669304103956166e-03
2.541315788576106044e-03
2.542648591759597270e-03
2.544547620268240284e-03
2.544559302888671666e-03
2.544736742765152469e-03
2.544774899551466817e-03
2.547557402419173712e-03
2.549771989072978189e-03
2.552697232251632461e-03
2.556004759722631768e-03
2.559220481694323823e-03
2.559433235450675730e-03
2.560059230282421550e-03
2.562144661180407439e-03
2.563682876531300087e-03
2.563947487814041779e-03
2.565428714272976075e-03
2.566520351142715251e-03
2.566849050662841063e-03
2.567139895294870324e-03
2.567360222446046260e-03
2.568948009528702198e-03
2.571460206753428419e-03
2.571499196472758295e-03
2.573359101056528920e-03
2.574851542678546594e-03
2.575167282281709893e-03
2.575406688396780254e-03
2.576427148188535719e-03
2.578010453431483703e-03
2.579066105026635476e-03
2.579395211782061891e-03
2.584910026356795378e-03
2.585886642727605426e-03
2.587232171576145726e-03
2.588967178344383710e-03
2.589617301749971151e-03
2.589624624709616508e-03
2.589700469457179629e-03
2.590318066222135722e-03
2.591825927480084779e-03
2.593787301059470498e-03
2.593858403025435608e-03
2.593894310200964542e-03
2.595283512246635612e-03
2.597621083342119275e-03
2.597644409283346445e-03
2.598477345375726794e-03
2.599551032800063305e-03
2.600832998861119221e-03
2.601724962242815079e-03
2.603729885528662923e-03
2.604554757207121901e-03
2.605944188021287137e-03
2.606567956497139477e-03
2.606960971238990888e-03
2.608012669466623894e-03
2.611931881255307505e-03
2.612916745387963442e-03
2.613766396208755480e-03
2.614681522572219214e-03
2.614796350519659265e-03
2.616394963131448478e-03
2.618690974568552935e-03
2.618911991015426648e-03
2.622353063050159288e-03
2.626600926267522087e-03
2.628394545991464756e-03
2.629094678772889247e-03
2.629591490558998938e-03
2.630448089022790082e-03
2.630755154827568113e-03
2.631055953251432416e-03
2.632270006692129412e-03
2.633825313627428076e-03
2.634454927147100462e-03
2.635075597020196045e-03
2.635167390130799953e-03
2.636821877977764406e-03
2.637619482744091564e-03
2.639639259462016590e-03
2.639910127624052038e-03
2.641064678659008590e-03
2.642323123305749533e-03
2.642531579763317262e-03
2.643160258824003763e-03
2.644497776152255307e-03
2.644517671240970667e-03
2.645609992887661133e-03
2.645697414288762390e-03
2.648162817369877856e-03
2.649431703204384314e-03
2.649475979641854276e-03
2.650391592292934521e-03
2.651230010233553668e-03
2.652130843732230722e-03
2.652855926235240819e-03
2.655277028169011986e-03
2.661641039229993566e-03
2.662925013472212509e-03
2.663655746014200083e-03
2.664134979298252593e-03
2.669249650451183207e-03
2.669398930797436433e-03
2.670751041818210641e-03
2.672519349128062768e-03
2.674413696372124078e-03
2.675103912426405554e-03
2.679458266301660858e-03
2.685471142267515949e-03
2.685888966512064817e-03
2.686109790009455316e-03
2.687794053273638833e-03
2.693880350731919695e-03
2.695135160971992225e-03
2.695331894168975870e-03
2.695971388635262558e-03
2.696329055436453952e-03
2.697830172081912975e-03
2.698082537132751122e-03
2.698192345622425509e-03
2.703519162939353997e-03
2.704683903337445905e-03
2.710179915559218777e-03
2.712927903409028535e-03
2.713500993791071337e-03
2.715658529736957559e-03
2.715914021338761749e-03
2.716260167970031402e-03
2.716945337525391441e-03
2.719931254472251515e-03
2.721135443313922424e-03
2.721537621809032650e-03
2.726480851851307684e-03
2.728367027730730244e-03
2.728376195556755056e-03
2.728992990752019017e-03
2.729372581201593238e-03
2.731614080181537021e-03
2.731919754739342825e-03
2.737016472661358939e-03
2.737124586780018739e-03
2.737130686687370106e-03
2.738287040222611539e-03
2.740792733994878039e-03
2.742425280160319580e-03
2.743544592233666726e-03
2.744797456505620407e-03
2.744860584845009235e-03
2.744886243237315906e-03
2.746295040249968015e-03
2.749960592729953305e-03
2.749962547938353003e-03
2.754528850354439652e-03
2.763290536979603855e-03
2.763782978410360327e-03
2.764443659386141283e-03
2.767460345138455374e-03
2.767727151390778594e-03
2.770338439232894207e-03
2.770412698795228588e-03
2.771031921777988762e-03
2.772008633616142043e-03
2.772353536566468310e-03
2.774571701784946543e-03
2.777509608517201960e-03
2.779131476302198860e-03
2.780321346482283063e-03
2.780682504803137257e-03
2.781059019950431720e-03
2.781965975139761432e-03
2.783717513258716133e-03
2.787807837720111381e-03
2.791657916544815644e-03
2.792385813338312157e-03
2.793228238260472146e-03
2.793678598020856319e-03
2.794605410380461737e-03
2.800868190669525068e-03
2.801709014744820266e-03
2.803144040294694266e-03
2.803181329031582004e-03
2.803541622602101924e-03
2.804698621579765957e-03
2.806715504968747797e-03
2.809465129478067730e-03
2.810972085204772181e-03
2.814049672362441221e-03
2.814331253785135913e-03
2.817266213995873233e-03
2.817346692511918556e-03
2.818133828614207206e-03
2.818182928992031978e-03
2.818509979815018475e-03
2.818668944464427107e-03
2.819248439286978648e-03
2.819854900243255486e-03
2.820741336025369729e-03
2.823377314993569167e-03
2.824186129975146328e-03
2.826837257961398783e-03
2.827569225050932146e-03
2.829086040577705446e-03
2.829125664121799697e-03
2.831363168294089537e-03
2.832350782623341539e-03
2.834060376794973485e-03
2.836813280617346295e-03
2.841167463770283372e-03
2.842408622383492227e-03
2.845113936556743425e-03
2.846009887498127978e-03
2.849201642093771806e-03
2.849237841508746490e-03
2.849314114453974870e-03
2.851055486356942909e-03
2.851065779258595868e-03
2.852244501103978497e-03
2.856266809400485104e-03
2.860293135346373729e-03
2.862677540035078391e-03
2.866483449672582555e-03
2.869354401286881937e-03
2.876595589632278786e-03
2.883855838135206042e-03
2.885677653983645570e-03
2.887335208434536980e-03
2.887991973724084345e-03
2.888923213340443674e-03
2.890933198104534991e-03
2.891618816128066049e-03
2.897395520588972630e-03
2.903778528790933872e-03
2.903921520927523620e-03
2.910127145219299459e-03
2.910907164814226407e-03
2.911738396930121670e-03
2.912232721112068337e-03
2.912526748951130631e-03
2.914538409950350947e-03
2.917839655914328690e-03
2.920772849611429686e-03
2.936143272808782508e-03
2.936602832000569964e-03
2.937367186750420873e-03
2.940322518889371562e-03
2.940608013854607936e-03
2.942704514465444617e-03
2.942748849870816322e-03
2.943539919579423684e-03
2.951663260825732309e-03
2.954738958165947782e-03
2.961726682158380593e-03
2.962500578506851653e-03
2.963038227098662228e-03
2.964084215221793155e-03
2.965622359123010632e-03
2.966039096120058702e-03
2.968693074871462442e-03
2.970197810759714948e-03
2.971059591160046115e-03
2.973605937842482751e-03
2.976639552801486118e-03
2.977174609197573863e-03
2.980032090113350889e-03
2.980541369501888468e-03
2.981316234796782625e-03
2.982440262817781691e-03
2.984073063572421913e-03
2.986138166817751179e-03
2.988797766989735247e-03
2.989376241988385679e-03
2.989424630059511149e-03
2.989446874854651600e-03
2.992749313928397877e-03
2.993411482986067448e-03
2.993480690191380363e-03
2.999863694756581874e-03
3.000795080082650692e-03
3.000796044127923123e-03
3.005366653911429112e-03
3.007796940532820110e-03
3.008897246759094889e-03
3.010680229744285182e-03
3.010875771199110311e-03
3.011420749080686264e-03
3.014238554925511172e-03
3.015174044886433351e-03
3.028439118373978112e-03
3.029005892467998354e-03
3.029208160539589249e-03
3.031983516138805554e-03
3.034568888767508014e-03
3.035029715234097928e-03
3.035670051687483148e-03
3.035864116681159190e-03
3.041294793736880851e-03
3.042856507090112121e-03
3.044189075202594682e-03
3.045298641253497886e-03
3.046386158260197367e-03
3.046452910944688012e-03
3.055083801937759792e-03
3.056606829944066937e-03
3.056750507996960475e-03
3.060506662039151528e-03
3.062039681173827320e-03
3.062138926259643044e-03
3.062670933119902503e-03
3.066728414879359502e-03
3.070968744064231978e-03
3.071675267030065434e-03
3.072376517435111611e-03
3.073187519591747893e-03
3.073372429002883127e-03
3.078716767798747762e-03
3.080909702618228087e-03
3.083845272019841970e-03
3.086242014659300575e-03
3.090326163546868767e-03
3.091001001919596331e-03
3.091509984718310462e-03
3.093428820019574008e-03
3.094770625741382047e-03
3.096203381707911435e-03
3.099885761287382233e-03
3.100419452308241734e-03
3.100950742039469254e-03
3.103357307653081126e-03
3.103573493393424736e-03
3.109311926509354066e-03
3.110313341373627683e-03
3.110371242757064680e-03
3.115212749225698859e-03
3.117667385118631611e-03
3.120257596889435860e-03
3.122616709225477759e-03
3.124232089045550238e-03
3.124490298718382662e-03
3.129747595562550229e-03
3.130781208081268377e-03
3.134060205297478814e-03
3.136459919210844022e-03
3.136689825484734618e-03
3.137683171179142527e-03
3.141607080357728104e-03
3.149454348523790873e-03
3.150217301506394365e-03
3.150322180003713862e-03
3.151786427193704627e-03
3.157566307198006721e-03
3.158124651626315407e-03
3.161859167180755287e-03
3.162385704765189112e-03
3.162620636735381536e-03
3.163111572239251344e-03
3.173904290021716673e-03
3.174784890407385349e-03
3.178698624677759807e-03
3.180191145647045820e-03
3.183034723294576093e-03
3.187840231298208395e-03
3.188635550952547901e-03
3.190020692464662442e-03
3.192006345386487476e-03
3.196010032881249369e-03
3.197617363681326194e-03
3.203464767894230458e-03
3.214516905897838242e-03
3.218707509713240704e-03
3.219258078666468754e-03
3.219951568254327684e-03
3.220524948360075149e-03
3.224191427561821834e-03
3.224901707779797080e-03
3.229589135316881555e-03
3.233260205630940614e-03
3.233559273695353706e-03
3.236433655128948417e-03
3.237572337501349543e-03
3.237617878905274874e-03
3.242871521481795714e-03
3.258121235561571225e-03
3.261220692023229957e-03
3.264324865741431974e-03
3.271140761455442608e-03
3.272790366915239758e-03
3.275584936863198786e-03
3.276213375758737535e-03
3.276541414854522265e-03
3.277801609570574030e-03
3.286914851023883463e-03
3.290796675087587306e-03
3.296790694282828241e-03
3.301818601554012533e-03
3.301968995662546511e-03
3.303569946125850965e-03
3.305080405850745542e-03
3.312294088083398130e-03
3.312573665848729098e-03
3.318426964196055217e-03
3.318801196190498872e-03
3.320840580867425590e-03
3.322176869925708761e-03
3.324536572614784479e-03
3.325454587433594213e-03
3.332280259731844069e-03
3.332661722823487480e-03
3.335752022173974450e-03
3.341351175816022982e-03
3.343326327221140572e-03
3.347090230032079804e-03
3.353336942445063126e-03
3.358157574997094712e-03
3.361517279056177102e-03
3.369927184974341825e-03
3.370023150713474455e-03
3.370345413226776866e-03
3.376009067115193739e-03
3.377273481586025045e-03
3.380228438667363163e-03
3.380353082768291356e-03
3.381150451798616181e-03
3.387631182488289993e-03
3.393932068543822206e-03
3.395240445502645948e-03
3.395750670700287740e-03
3.398258350007223212e-03
3.400438647085962489e-03
3.402769874601888241e-03
3.405735570797582389e-03
3.406065875917150231e-03
3.409222194012029045e-03
3.411735487881745361e-03
3.413363925331472457e-03
3.421165588043909023e-03
3.423922531920683965e-03
3.424006660169975815e-03
3.424021730366412497e-03
3.426735927846579714e-03
3.427807875469360797e-03
3.428390201718711523e-03
3.432301874662216368e-03
3.434079085222267215e-03
3.437002702004816022e-03
3.437070061203222147e-03
3.439497613702614462e-03
3.443685266129606782e-03
3.447906824121987814e-03
3.453617338878521136e-03
3.455537179793810327e-03
3.458786750207663505e-03
3.462314478762272638e-03
3.468943016156341395e-03
3.472253946279165501e-03
3.473233229995093766e-03
3.475164352846254155e-03
3.481463792309689824e-03
3.484083127344207460e-03
3.485020319688714868e-03
3.485276721368642597e-03
3.485800304683968429e-03
3.491666508863058935e-03
3.492177651509564135e-03
3.492720857458650029e-03
3.499534417760114154e-03
3.502892369620318799e-03
3.506281025289924216e-03
3.508186875340107199e-03
3.508645579302605358e-03
3.508876632716365161e-03
3.509004645582632521e-03
3.510682568733800284e-03
3.513268564599017225e-03
3.515937216023976714e-03
3.517417130543716575e-03
3.517728704080462249e-03
3.517999115415489618e-03
3.518128238813481284e-03
3.518591577735849778e-03
3.524727757616656545e-03
3.527132404286859296e-03
3.528163003703595983e-03
3.529038378776546119e-03
3.529456399141248524e-03
3.536848299058947299e-03
3.539203380790934689e-03
3.549454034120558439e-03
3.565842665233588324e-03
3.568136904394092132e-03
3.573615902663500408e-03
3.575511691627553806e-03
3.575882946853360320e-03
3.577156443881639517e-03
3.578660901004652398e-03
3.582367716612541372e-03
3.585565372913004489e-03
3.588093328694645385e-03
3.594990857045312922e-03
3.598543491372658328e-03
3.599049354773199098e-03
3.603005400234773545e-03
3.603479609465628283e-03
3.611904820101268995e-03
3.612944299762783917e-03
3.618838514826275884e-03
3.622375966291979752e-03
3.634559327735070299e-03
3.642208133655898492e-03
3.642842090230181702e-03
3.643150662084436268e-03
3.644598047740932930e-03
3.653176397818642344e-03
3.661541191173898688e-03
3.662270664825244357e-03
3.663281745183228928e-03
3.664406004789193174e-03
3.669464506872392902e-03
3.672784082961726582e-03
3.673979709565687417e-03
3.674638997765568120e-03
3.676912760149417866e-03
3.682544191265794704e-03
3.687183328416768734e-03
3.690286916291629030e-03
3.708610879851957122e-03
3.718332792115969579e-03
3.727701109945295854e-03
3.729836313001403270e-03
3.730097051853355737e-03
3.736127490803341656e-03
3.738836375330938794e-03
3.739931965525586724e-03
3.742282043837929801e-03
3.742438505082028126e-03
3.745246190033742466e-03
3.749457755249344278e-03
3.756269154493537335e-03
3.762628020011950063e-03
3.763835330648711199e-03
3.765115799080330419e-03
3.765753591117533116e-03
3.773935081363614594e-03
3.775352540745418109e-03
3.780463378252766748e-03
3.784027951093572525e-03
3.785638261112635010e-03
3.800917694688148163e-03
3.807213205179026810e-03
3.819970364767496813e-03
3.825476130775498900e-03
3.827815562147501762e-03
3.834064208051298286e-03
3.836947567655322761e-03
3.858181713543341624e-03
3.862173998667935235e-03
3.866224641654913367e-03
3.872499307911030173e-03
3.888518952076686248e-03
3.912996040237045649e-03
3.921929270543939895e-03
3.923025988217419477e-03
3.923469698255702999e-03
3.924313404226062799e-03
3.938946709506981406e-03
3.940566337313651350e-03
3.940890828597539385e-03
3.943286554822909677e-03
3.954560480726213370e-03
3.957805589112157497e-03
3.971493973230006552e-03
3.973104885876288864e-03
3.975831022036279035e-03
3.981412081086887350e-03
3.986458099915680779e-03
3.987713355896074265e-03
3.990550504893585100e-03
3.995006256674100108e-03
3.999899043572615470e-03
4.002322186910553005e-03
4.009875656156011020e-03
4.016029141597308484e-03
4.017181737503963158e-03
4.037175882812195360e-03
4.037387357555387128e-03
4.039582978174395544e-03
4.039742243696062274e-03
4.040222257488274189e-03
4.045917366987056632e-03
4.046136576097252024e-03
4.055293109121439060e-03
4.055816785901686025e-03
4.060317023858556543e-03
4.062012557554179303e-03
4.064148141954047541e-03
4.071137216676753642e-03
4.071665848725173828e-03
4.108173758190334854e-03
4.111401364921296077e-03
4.128071300533314898e-03
4.137797768421332123e-03
4.139232734825459663e-03
4.147129573822861022e-03
4.155585960804940651e-03
4.161092734009544901e-03
4.162768380944078216e-03
4.165394525599051476e-03
4.177164605288301823e-03
4.179397672535745470e-03
4.179974702439658019e-03
4.181733795687093448e-03
4.188222614334855681e-03
4.197993758898489747e-03
4.198335287911159411e-03
4.204474969498407481e-03
4.214929998148113713e-03
4.215911793281779812e-03
4.220348233578763604e-03
4.253669506976629801e-03
4.267107266025214896e-03
4.275403650506389742e-03
4.288968794981164873e-03
4.306203925869666292e-03
4.312464174721618478e-03
4.312813928444225557e-03
4.317845502543579510e-03
4.321260113138503285e-03
4.328818566293866736e-03
4.329861532523917277e-03
4.345965744865001520e-03
4.349547903943339067e-03
4.362096955897673718e-03
4.363420371010414897e-03
4.370846317053676128e-03
4.385482699144796319e-03
4.401649327594288168e-03
4.406833666990813900e-03
4.408466633909998919e-03
4.411923985464260428e-03
4.416229669660417211e-03
4.432077999750000212e-03
4.434205740529382697e-03
4.441657847933101234e-03
4.447954194561129851e-03
4.458570838772393796e-03
4.462069460908649719e-03
4.468712243389120174e-03
4.477979595026921819e-03
4.479667411372894627e-03
4.479875688775559507e-03
4.488171545860984886e-03
4.494103832956606627e-03
4.500094592161311795e-03
4.504775236319699845e-03
4.526122833940143982e-03
4.537170783139066708e-03
4.541503906872748457e-03
4.555860213207143031e-03
4.567224422687406714e-03
4.572534625175635713e-03
4.583823389954668273e-03
4.585674293671144347e-03
4.589633198995664645e-03
4.614733972421585298e-03
4.618110118774543943e-03
4.621399752546155593e-03
4.635734704488918452e-03
4.643383414517539276e-03
4.645130745183733215e-03
4.659812696049884552e-03
4.662142257232385761e-03
4.669027299338441260e-03
4.674321109459660464e-03
4.683025771635756541e-03
4.693852627688169764e-03
4.706381553080079064e-03
4.718167213058196627e-03
4.724612719138133153e-03
4.738707114600532178e-03
4.745904851636195167e-03
4.746458520344288765e-03
4.748453275871053134e-03
4.751874117104973837e-03
4.755770834712947509e-03
4.766988137178515723e-03
4.821944292701883447e-03
4.822511184911153909e-03
4.826587592186536158e-03
4.835840808653479352e-03
4.842051297568298121e-03
4.843757653004872148e-03
4.853533514126733527e-03
4.860077919889381655e-03
4.860506401417049455e-03
4.871968357994441341e-03
4.889352802416970997e-03
4.902040399413870771e-03
4.934763420547528222e-03
4.937621099460086545e-03
4.941816177716281712e-03
4.962412901404552809e-03
4.975615239417975101e-03
4.984183860670184096e-03
4.992043096615758624e-03
5.048421108004214931e-03
5.049419367826809245e-03
5.066415069344798461e-03
5.072837762329533880e-03
5.074671749247585198e-03
5.084975900518617399e-03
5.086573078001034066e-03
5.093915822370819954e-03
5.125562249464957545e-03
5.150141366445606071e-03
5.186990979729141395e-03
5.188969693021631274e-03
5.206838799117077289e-03
5.214964621272150797e-03
5.227243557261640819e-03
5.236177101268440527e-03
5.246758555972455378e-03
5.250163602980219106e-03
5.271401772806308741e-03
5.271601503774614797e-03
5.275609872261050395e-03
5.279714454009504926e-03
5.288807288804307262e-03
5.304016585396749243e-03
5.316816453161748827e-03
5.317410809290589249e-03
5.366261854835754908e-03
5.448183507841256566e-03
5.476163630891658397e-03
5.483348223476030084e-03
5.485654970030960469e-03
5.491489257233870061e-03
5.509924990948327980e-03
5.510827203417697877e-03
5.513742186057046801e-03
5.609213352328099034e-03
5.685357468085138616e-03
5.754189899075546483e-03
5.791989586549094009e-03
5.849309689799597235e-03
5.871482518140338711e-03
5.904171906191140948e-03
5.921535843566150432e-03
5.937081001389413193e-03
5.939056993356072595e-03
5.961387841895609933e-03
5.968080246288224797e-03
5.969146242472273857e-03
6.034190446429560026e-03
6.151998889817640245e-03
6.185616010528279321e-03
6.191719417497751690e-03
6.207747847923866975e-03
6.209773738132739855e-03
6.229687503681194220e-03
6.294417915592640834e-03
6.315940747795231909e-03
6.329589567979384927e-03
6.377180086462660470e-03
6.399509015047416711e-03
6.411821875350440410e-03
6.417289479603717484e-03
6.429467645011215787e-03
6.435372385698184296e-03
6.567208862461334715e-03
6.629653958090235728e-03
6.692312170571119469e-03
6.712748256906839704e-03
6.757075484554283390e-03
6.768088149945714928e-03
6.770693336398177914e-03
6.824709345338001235e-03
6.841263059972633835e-03
6.882032769197299338e-03
6.896083605503387781e-03
6.946376819265172829e-03
7.011348371664592044e-03
7.045572995554826891e-03
7.101718102648231848e-03
7.108262775295201043e-03
7.223721774685328695e-03
7.262912072695424173e-03
7.374277531107143770e-03
7.417255957550781056e-03
7.441535198710364125e-03
7.443021254843615146e-03
7.445526742537135131e-03
7.449344123694632766e-03
7.613659597400158907e-03
7.820822819072844115e-03
7.968160991401487120e-03
