2.507123767766463243e-03
2.512984181312244523e-03
2.535015261470494399e-03
2.538159268845543819e-03
2.549993631569063505e-03
2.553260466654497501e-03
2.578388244939481492e-03
2.589724553641460213e-03
2.634642340013813519e-03
2.652290551677403702e-03
2.655664877444342733e-03
2.655973625975939761e-03
2.685084081320095531e-03
2.690827648994160298e-03
2.762616663746104376e-03
2.769298610420151390e-03
2.795655823475081281e-03
2.844789765623380578e-03
2.862019454350601348e-03
2.863274087991137234e-03
2.883110819815413832e-03
2.897564140967268716e-03
2.916502294291800201e-03
2.938030799318312822e-03
2.948476804224156676e-03
2.963698436429010839e-03
2.988034451044876885e-03
3.021787171430784669e-03
3.026758093413552987e-03
3.048400249007368265e-03
3.051734343041678354e-03
3.105288474415940012e-03
3.185204301346614836e-03
3.193657651367919157e-03
3.202793009203918663e-03
3.205208898428570877e-03
3.241105516065898116e-03
3.262194528634744430e-03
3.337839444860162593e-03
3.348934351910082263e-03
3.353693903826359714e-03
3.361911761986255756e-03
3.363836671276952250e-03
3.369550737624979128e-03
3.395439744929413823e-03
3.397052588863234881e-03
3.399761875252969769e-03
3.419084988151807527e-03
3.473219585521276041e-03
3.482642075236022476e-03
3.484876547444607474e-03
3.527594467351560445e-03
3.533611713281201768e-03
3.540326725034705774e-03
3.553265960153578502e-03
3.572060923682832644e-03
3.718380005151533576e-03
3.803663343489757133e-03
3.923539146289902260e-03
4.061886245542349269e-03
4.121472678637924658e-03
4.123787644482632478e-03
4.336661824852714245e-03
4.338664541615326262e-03
4.378193749589692242e-03
4.427926379909175730e-03
4.526456057011404160e-03
4.621229310545992702e-03
4.674486388454086004e-03
4.911799557222574185e-03
5.575454084689168525e-03
5.673952404740917332e-03
6.001941913300686167e-03
6.361010021683262232e-03
6.717222355112336361e-03
6.886982411913420733e-03
7.089524156025208204e-03
